<?xml version="1.0"?>
<opencv_storage>
<IDF type_id="opencv-matrix">
  <rows>1</rows>
  <cols>1000</cols>
  <dt>f</dt>
  <data>
    1.48427474e+000 1.22644567e+000 1.27296567e+000 1.37304914e+000
    1.42711639e+000 2.23804665e+000 1.67843080e+000 1.05939162e+000
    1.37304914e+000 1.42711639e+000 1.48427474e+000 1.48427474e+000
    1.42711639e+000 1.05939162e+000 1.02165127e+000 8.51752222e-001
    1.22644567e+000 1.32175589e+000 9.85283613e-001 1.83258152e+000
    1.27296567e+000 4.46287096e-001 7.91127563e-001 2.23804665e+000
    1.13943434e+000 1.18199384e+000 1.67843080e+000 1.75253880e+000
    7.06570208e-001 7.33969152e-001 2.01490307e+000 1.32175589e+000
    1.32175589e+000 1.37304914e+000 1.18199384e+000 1.48427474e+000
    1.02165127e+000 1.48427474e+000 8.83500934e-001 1.48427474e+000
    1.67843080e+000 1.83258152e+000 1.27296567e+000 1.91959286e+000
    1.54489934e+000 1.13943434e+000 1.42711639e+000 1.32175589e+000
    1.60943794e+000 1.32175589e+000 1.27296567e+000 8.83500934e-001
    9.85283613e-001 2.23804665e+000 1.32175589e+000 1.48427474e+000
    1.18199384e+000 1.18199384e+000 1.83258152e+000 2.12026358e+000
    1.83258152e+000 1.37304914e+000 9.16290760e-001 1.54489934e+000
    1.42711639e+000 1.32175589e+000 1.54489934e+000 1.54489934e+000
    1.02165127e+000 1.13943434e+000 1.02165127e+000 1.37304914e+000
    1.32175589e+000 7.33969152e-001 2.52572870e+000 1.75253880e+000
    1.48427474e+000 2.93119383e+000 1.48427474e+000 1.13943434e+000
    1.09861231e+000 1.83258152e+000 1.32175589e+000 1.83258152e+000
    1.42711639e+000 1.09861231e+000 2.01490307e+000 2.12026358e+000
    1.37304914e+000 1.60943794e+000 9.85283613e-001 1.32175589e+000
    1.32175589e+000 1.22644567e+000 1.91959286e+000 1.27296567e+000
    1.32175589e+000 1.48427474e+000 1.22644567e+000 1.48427474e+000
    6.53926492e-001 1.67843080e+000 9.85283613e-001 1.18199384e+000
    1.37304914e+000 1.32175589e+000 3.62434101e+000 1.37304914e+000
    1.13943434e+000 7.91127563e-001 1.42711639e+000 3.47196192e-001
    1.09861231e+000 1.83258152e+000 1.09861231e+000 1.37304914e+000
    1.22644567e+000 1.37304914e+000 1.09861231e+000 4.46287096e-001
    9.16290760e-001 1.22644567e+000 2.01490307e+000 7.33969152e-001
    1.13943434e+000 1.60943794e+000 1.18199384e+000 2.01490307e+000
    1.75253880e+000 1.67843080e+000 1.09861231e+000 1.13943434e+000
    1.13943434e+000 1.13943434e+000 1.48427474e+000 1.27296567e+000
    1.91959286e+000 1.02165127e+000 8.83500934e-001 1.32175589e+000
    1.42711639e+000 1.48427474e+000 2.93119383e+000 1.83258152e+000
    9.16290760e-001 8.83500934e-001 1.32175589e+000 2.01490307e+000
    8.83500934e-001 1.22644567e+000 1.67843080e+000 1.37304914e+000
    1.13943434e+000 1.02165127e+000 9.50192273e-001 1.75253880e+000
    1.42711639e+000 1.09861231e+000 1.42711639e+000 5.10825634e-001
    1.32175589e+000 1.18199384e+000 1.42711639e+000 1.60943794e+000
    1.60943794e+000 1.22644567e+000 1.37304914e+000 9.16290760e-001
    8.51752222e-001 1.27296567e+000 1.02165127e+000 1.67843080e+000
    1.09861231e+000 1.18199384e+000 1.42711639e+000 1.42711639e+000
    1.67843080e+000 1.37304914e+000 1.83258152e+000 1.54489934e+000
    2.01490307e+000 1.83258152e+000 1.22644567e+000 1.54489934e+000
    2.12026358e+000 1.75253880e+000 1.54489934e+000 1.48427474e+000
    9.85283613e-001 1.22644567e+000 1.05939162e+000 1.48427474e+000
    1.18199384e+000 1.60943794e+000 1.09861231e+000 1.42711639e+000
    1.37304914e+000 1.48427474e+000 1.18199384e+000 1.18199384e+000
    8.20980549e-001 1.48427474e+000 1.48427474e+000 1.32175589e+000
    1.60943794e+000 2.37157798e+000 1.42711639e+000 1.42711639e+000
    7.06570208e-001 1.13943434e+000 1.83258152e+000 9.50192273e-001
    1.27296567e+000 1.27296567e+000 1.22644567e+000 1.22644567e+000
    1.48427474e+000 1.02165127e+000 1.02165127e+000 1.75253880e+000
    1.83258152e+000 1.27296567e+000 1.54489934e+000 1.48427474e+000
    1.83258152e+000 1.27296567e+000 1.42711639e+000 1.09861231e+000
    8.83500934e-001 1.67843080e+000 1.60943794e+000 1.54489934e+000
    1.48427474e+000 1.42711639e+000 1.18199384e+000 2.01490307e+000
    1.54489934e+000 1.18199384e+000 1.42711639e+000 1.42711639e+000
    1.54489934e+000 1.05939162e+000 1.18199384e+000 1.48427474e+000
    1.54489934e+000 1.75253880e+000 1.09861231e+000 2.01490307e+000
    1.42711639e+000 1.09861231e+000 1.60943794e+000 1.48427474e+000
    1.42711639e+000 1.18199384e+000 1.67843080e+000 1.27296567e+000
    9.50192273e-001 9.85283613e-001 1.91959286e+000 2.37157798e+000
    1.42711639e+000 2.01490307e+000 1.32175589e+000 1.27296567e+000
    1.09861231e+000 1.54489934e+000 7.06570208e-001 7.62140036e-001
    1.54489934e+000 1.60943794e+000 1.48427474e+000 1.18199384e+000
    1.27296567e+000 1.02165127e+000 1.75253880e+000 1.75253880e+000
    5.56288004e-001 1.48427474e+000 1.67843080e+000 1.02165127e+000
    1.32175589e+000 1.32175589e+000 1.18199384e+000 1.67843080e+000
    1.18199384e+000 1.48427474e+000 2.01490307e+000 2.37157798e+000
    9.16290760e-001 9.85283613e-001 1.22644567e+000 1.54489934e+000
    1.02165127e+000 1.37304914e+000 1.75253880e+000 1.22644567e+000
    9.16290760e-001 1.05939162e+000 1.60943794e+000 1.67843080e+000
    1.27296567e+000 1.37304914e+000 1.02165127e+000 1.42711639e+000
    7.62140036e-001 1.54489934e+000 2.01490307e+000 1.22644567e+000
    1.42711639e+000 1.32175589e+000 1.22644567e+000 1.27296567e+000
    1.91959286e+000 1.18199384e+000 1.37304914e+000 1.05939162e+000
    1.05939162e+000 1.13943434e+000 8.83500934e-001 6.53926492e-001
    8.83500934e-001 1.37304914e+000 1.22644567e+000 1.05939162e+000
    9.50192273e-001 1.32175589e+000 1.09861231e+000 2.93119383e+000
    1.67843080e+000 1.05939162e+000 1.54489934e+000 1.32175589e+000
    1.48427474e+000 1.48427474e+000 1.75253880e+000 1.32175589e+000
    1.18199384e+000 1.60943794e+000 1.18199384e+000 1.22644567e+000
    2.37157798e+000 1.42711639e+000 2.37157798e+000 1.48427474e+000
    1.75253880e+000 1.42711639e+000 1.42711639e+000 1.22644567e+000
    1.54489934e+000 1.18199384e+000 1.83258152e+000 1.32175589e+000
    1.48427474e+000 1.13943434e+000 1.27296567e+000 1.09861231e+000
    1.27296567e+000 8.51752222e-001 1.54489934e+000 6.79901958e-001
    1.09861231e+000 1.48427474e+000 1.67843080e+000 1.54489934e+000
    1.83258152e+000 1.67843080e+000 1.18199384e+000 1.09861231e+000
    1.67843080e+000 1.27296567e+000 1.13943434e+000 2.23804665e+000
    1.13943434e+000 1.48427474e+000 1.75253880e+000 8.51752222e-001
    1.22644567e+000 1.42711639e+000 1.83258152e+000 1.18199384e+000
    1.48427474e+000 1.13943434e+000 1.60943794e+000 1.22644567e+000
    1.67843080e+000 1.02165127e+000 1.60943794e+000 1.37304914e+000
    1.48427474e+000 1.54489934e+000 1.42711639e+000 1.48427474e+000
    1.32175589e+000 1.32175589e+000 1.13943434e+000 3.62434101e+000
    2.01490307e+000 1.54489934e+000 1.91959286e+000 1.37304914e+000
    1.83258152e+000 1.32175589e+000 1.60943794e+000 1.32175589e+000
    1.18199384e+000 1.32175589e+000 1.54489934e+000 1.09861231e+000
    1.42711639e+000 1.13943434e+000 1.27296567e+000 1.18199384e+000
    9.50192273e-001 6.53926492e-001 1.60943794e+000 1.48427474e+000
    1.27296567e+000 1.48427474e+000 1.32175589e+000 1.42711639e+000
    1.09861231e+000 1.67843080e+000 1.27296567e+000 1.22644567e+000
    1.83258152e+000 1.54489934e+000 1.37304914e+000 1.67843080e+000
    1.09861231e+000 1.42711639e+000 1.22644567e+000 1.75253880e+000
    1.42711639e+000 1.67843080e+000 1.54489934e+000 1.32175589e+000
    1.32175589e+000 1.42711639e+000 1.22644567e+000 1.18199384e+000
    1.37304914e+000 1.22644567e+000 1.09861231e+000 1.02165127e+000
    1.22644567e+000 1.37304914e+000 1.37304914e+000 1.48427474e+000
    1.32175589e+000 1.60943794e+000 1.42711639e+000 1.67843080e+000
